float mel_filter_banks_coes_W [26][18] = 
{{1.        , 0.5       , 0.        , 0.        , 0.        , 0.        ,
  0.        , 0.        , 0.        , 0.        , 0.        , 0.        ,
  0.        , 0.        , 0.        , 0.        , 0.        , 0.        },
 {0.5       , 1.        , 0.5       , 0.        , 0.        , 0.        ,
  0.        , 0.        , 0.        , 0.        , 0.        , 0.        ,
  0.        , 0.        , 0.        , 0.        , 0.        , 0.        },
 {0.5       , 1.        , 0.5       , 0.        , 0.        , 0.        ,
  0.        , 0.        , 0.        , 0.        , 0.        , 0.        ,
  0.        , 0.        , 0.        , 0.        , 0.        , 0.        },
 {0.5       , 1.        , 0.5       , 0.        , 0.        , 0.        ,
  0.        , 0.        , 0.        , 0.        , 0.        , 0.        ,
  0.        , 0.        , 0.        , 0.        , 0.        , 0.        },
 {0.5       , 1.        , 0.5       , 0.        , 0.        , 0.        ,
  0.        , 0.        , 0.        , 0.        , 0.        , 0.        ,
  0.        , 0.        , 0.        , 0.        , 0.        , 0.        },
 {0.5       , 1.        , 0.66666669, 0.33333334, 0.        , 0.        ,
  0.        , 0.        , 0.        , 0.        , 0.        , 0.        ,
  0.        , 0.        , 0.        , 0.        , 0.        , 0.        },
 {0.33333334, 0.66666669, 1.        , 0.5       , 0.        , 0.        ,
  0.        , 0.        , 0.        , 0.        , 0.        , 0.        ,
  0.        , 0.        , 0.        , 0.        , 0.        , 0.        },
 {0.5       , 1.        , 0.66666669, 0.33333334, 0.        , 0.        ,
  0.        , 0.        , 0.        , 0.        , 0.        , 0.        ,
  0.        , 0.        , 0.        , 0.        , 0.        , 0.        },
 {0.33333334, 0.66666669, 1.        , 0.66666669, 0.33333334, 0.        ,
  0.        , 0.        , 0.        , 0.        , 0.        , 0.        ,
  0.        , 0.        , 0.        , 0.        , 0.        , 0.        },
 {0.33333334, 0.66666669, 1.        , 0.75      , 0.5       , 0.25      ,
  0.        , 0.        , 0.        , 0.        , 0.        , 0.        ,
  0.        , 0.        , 0.        , 0.        , 0.        , 0.        },
 {0.25      , 0.5       , 0.75      , 1.        , 0.66666669, 0.33333334,
  0.        , 0.        , 0.        , 0.        , 0.        , 0.        ,
  0.        , 0.        , 0.        , 0.        , 0.        , 0.        },
 {0.33333334, 0.66666669, 1.        , 0.75      , 0.5       , 0.25      ,
  0.        , 0.        , 0.        , 0.        , 0.        , 0.        ,
  0.        , 0.        , 0.        , 0.        , 0.        , 0.        },
 {0.25      , 0.5       , 0.75      , 1.        , 0.75      , 0.5       ,
  0.25      , 0.        , 0.        , 0.        , 0.        , 0.        ,
  0.        , 0.        , 0.        , 0.        , 0.        , 0.        },
 {0.25      , 0.5       , 0.75      , 1.        , 0.80000001, 0.60000002,
  0.40000001, 0.2       , 0.        , 0.        , 0.        , 0.        ,
  0.        , 0.        , 0.        , 0.        , 0.        , 0.        },
 {0.2       , 0.40000001, 0.60000002, 0.80000001, 1.        , 0.75      ,
  0.5       , 0.25      , 0.        , 0.        , 0.        , 0.        ,
  0.        , 0.        , 0.        , 0.        , 0.        , 0.        },
 {0.25      , 0.5       , 0.75      , 1.        , 0.80000001, 0.60000002,
  0.40000001, 0.2       , 0.        , 0.        , 0.        , 0.        ,
  0.        , 0.        , 0.        , 0.        , 0.        , 0.        },
 {0.2       , 0.40000001, 0.60000002, 0.80000001, 1.        , 0.83333331,
  0.66666669, 0.5       , 0.33333334, 0.16666667, 0.        , 0.        ,
  0.        , 0.        , 0.        , 0.        , 0.        , 0.        },
 {0.16666667, 0.33333334, 0.5       , 0.66666669, 0.83333331, 1.        ,
  0.83333331, 0.66666669, 0.5       , 0.33333334, 0.16666667, 0.        ,
  0.        , 0.        , 0.        , 0.        , 0.        , 0.        },
 {0.16666667, 0.33333334, 0.5       , 0.66666669, 0.83333331, 1.        ,
  0.83333331, 0.66666669, 0.5       , 0.33333334, 0.16666667, 0.        ,
  0.        , 0.        , 0.        , 0.        , 0.        , 0.        },
 {0.16666667, 0.33333334, 0.5       , 0.66666669, 0.83333331, 1.        ,
  0.85714287, 0.71428573, 0.5714286 , 0.42857143, 0.2857143 , 0.14285715,
  0.        , 0.        , 0.        , 0.        , 0.        , 0.        },
 {0.14285715, 0.2857143 , 0.42857143, 0.5714286 , 0.71428573, 0.85714287,
  1.        , 0.85714287, 0.71428573, 0.5714286 , 0.42857143, 0.2857143 ,
  0.14285715, 0.        , 0.        , 0.        , 0.        , 0.        },
 {0.14285715, 0.2857143 , 0.42857143, 0.5714286 , 0.71428573, 0.85714287,
  1.        , 0.875     , 0.75      , 0.625     , 0.5       , 0.375     ,
  0.25      , 0.125     , 0.        , 0.        , 0.        , 0.        },
 {0.125     , 0.25      , 0.375     , 0.5       , 0.625     , 0.75      ,
  0.875     , 1.        , 0.875     , 0.75      , 0.625     , 0.5       ,
  0.375     , 0.25      , 0.125     , 0.        , 0.        , 0.        },
 {0.125     , 0.25      , 0.375     , 0.5       , 0.625     , 0.75      ,
  0.875     , 1.        , 0.8888889 , 0.77777779, 0.66666669, 0.55555558,
  0.44444445, 0.33333334, 0.22222222, 0.11111111, 0.        , 0.        },
 {0.11111111, 0.22222222, 0.33333334, 0.44444445, 0.55555558, 0.66666669,
  0.77777779, 0.8888889 , 1.        , 0.8888889 , 0.77777779, 0.66666669,
  0.55555558, 0.44444445, 0.33333334, 0.22222222, 0.11111111, 0.        },
 {0.11111111, 0.22222222, 0.33333334, 0.44444445, 0.55555558, 0.66666669,
  0.77777779, 0.8888889 , 1.        , 0.89999998, 0.80000001, 0.69999999,
  0.60000002, 0.5       , 0.40000001, 0.30000001, 0.2       , 0.1       }};


uint32 mel_filter_banks_coes_b [26][2] = 
{{  1,   2},
 {  2,   3},
 {  4,   3},
 {  6,   3},
 {  8,   3},
 { 10,   4},
 { 12,   4},
 { 15,   4},
 { 17,   5},
 { 20,   6},
 { 23,   6},
 { 27,   6},
 { 30,   7},
 { 34,   8},
 { 38,   8},
 { 43,   8},
 { 47,  10},
 { 52,  11},
 { 58,  11},
 { 64,  12},
 { 70,  13},
 { 77,  14},
 { 84,  15},
 { 92,  16},
 {100,  17},
 {109,  18}};


