00000000000000000000000000000000
00111000010000110010111011010000
00111001101110011001101000110101
00111010100011111010100100011011
00111011000101100001000010000001
00111011011101100110111000000000
00111011101010001010011100011101
00111011110000110010010011001101
00111011101110010000101100010101
00111011011101100000100110001100
00100010000001110110011100111011
10111011101101110110011001000100
10111100010011110101011010001101
10111100101001110100000000010000
10111100111000111011011101111100
10111101000010010011101100010000
10111101000101000100001111000110
10111101000011100010010010100000
10111100111001110010011011111100
10111100100001110010011001001100
10100011100001010101111111010111
00111100101001000110111101110000
00111101001010110100001110011001
00111101100000001000011101001010
00111101101001000010000011110011
00111101101110101100101100001100
00111101101111111010011100010011
00111101101011110101011101000110
00111101100010001001111110001100
00111101000110011010011110001100
00100100010110110111010000111011
10111101001011101000001111001110
10111101101100000100101001000101
10111110000000001001100011110110
10111110000111111110111001110001
10111110001100011001001101010110
10111110001100100000011101100101
10111110000111110110000010100100
10111101111100110101100001101011
10111101100001100011101001111101
10100100111110110000000000000011
00111101100100110010010001101101
00111110000100100011101010010111
00111110010100100000110011001111
00111110100000001011001100000101
00111110100011001110011001000110
00111110100010110101111110011001
00111110011101100101101111101000
00111110001110011100011101101100
00111101110010101000110011110101
10100101110111100111101011011110
10111101110110010010110010001111
10111110010101011001011000000110
10111110100101111101111010110010
10111110101110000100111111011110
10111110110001111110100011111100
10111110110000111111100011000101
10111110101010111011001101100011
10111110100000000110010011100000
10111110000010101101100101101011
10100101101111110000011110000100
00111110000100101001001111011100
00111110100011110001011011110100
00111110110010100000011010010011
00111110111100110111100001110001
00111111000000110010010000101011
00111110111111110110101011000010
00111110110111100101100000011100
00111110101001010011100011010011
00111110001100011001010110001001
00100111001101100011001011111110
10111110001110010100010000001000
10111110101100111101010000101111
10111110111111000111110001101111
10111111000101110101000010000011
10111111001000100010001110100110
10111111000111010001001010111000
10111111000010000000100110001000
10111110110010010010101001110111
10111110010101110010100001111010
10100110010000110011100101011110
00111110010111100101010100101001
00111110110101101100111011111100
00111111000101100001110100000010
00111111001100110001111011101111
00111111001111110001011101001010
00111111001110000101000111010101
00111111000111101111010010010111
00111110111010100001001001000110
00111110011110010101000110110110
00100110011111010111011001111000
10111110011111111000111010000000
10111110111101011110111010011101
10111111001010110011000101100101
10111111010010110111110011010110
10111111010110000100001011011110
10111111010011111101000010100111
10111111001100101000110110010001
10111111000000101111101110101101
10111110100010110000001010001001
00100111000101001011011100110001
00111110100011010111100100100000
00111111000001111010101011000100
00111111001111000011011111101111
00111111010111101111010001010011
00111111011011000010010000101010
00111111011000100010011010101010
00111111010000011010011111000011
00111111000011011001011011010101
00111110100101011100010100010101
10100111000101110100110100000111
10111110100101110110111000010100
10111111000100001011111011111001
10111111010010000010101101100011
10111111011011000101101010110101
10111111011110011000101000100100
10111111011011100011101010000110
10111111010010110101101101110011
10111111000101000011011111100001
10111110100111000100101101100111
10100110110100011100000011100111
00111110100111010000110101010011
00111111000101011010100010100001
00111111010011100101010001011111
00111111011100101110001001100000
00111111011111111010011100110111
00111111011100110101001011101000
00111111010011110001001111000001
00111111000101100111100100011000
00111110100111100011000101100001
00100111101110010011111101101000
10111110100111100000000010011010
10111111000101100001110001011001
10111111010011100101010001011111
10111111011100100010011100100011
10111111011111100001110110010100
10111111011100010010000110100001
10111111010011001001011110011010
10111111000101000011011111100001
10111110100110110101100111100001
10101000000110110111011100001010
00111110100110100011100101010110
00111111000100100001001100110011
00111111010010000010101101100010
00111111011010100011010000110101
00111111011101010000010011010011
00111111011001111100100001011000
00111111010001000000110100100000
00111111000011011001011011010101
00111110100100111111000010000011
00100111101101000101111011010011
10111110100100011111000101111110
10111111000010011100101100011011
10111111001111000011011111101111
10111111010110111000001110001111
10111111011001001110100010001001
10111111010101111101011001111101
10111111001101011111011101011111
10111111000000101111101110101011
10111110100010000110011100000000
10100110111100010000011110110011
00111110100001011010100000100010
00111110111110111000011001000111
00111111001010110011000101100110
00111111010001101111011010011000
00111111010011101011111111101000
00111111010000100100000010111001
00111111001000110010111001110111
00111110111010100001001001000010
00111110011100101101110010111011
00100111100110011011000000010000
10111110011011000011001110010001
10111110110111010110011111001111
10111111000101100001110100000001
10111111001011011100100010100011
10111111001100111101111011110000
10111111001010000101001000111110
10111111000011001101001010100100
10111110110010010010101001110110
10111110010011111101100010101101
10100110110011001111001101001000
00111110010010000110101001000011
00111110101110110000100011110010
00111110111111000111110001101010
00111111000100010111110000010000
00111111000101011110001000010100
00111111000010111001100011110110
00111110111010000111010111101010
00111110101001010011100011010001
00111110001010011101101100010110
10100110001110010101011001011000
10111110001000100001100101111100
10111110100101100111100100011000
10111110110010100000011010010000
10111110111001111000011000011110
10111110111011010010101011011100
10111110110110111001101100101011
10111110101101011100000110001010
10111110100000000110010011100001
10111110000000110010101011101101
00100111000001110000011100001100
00111101111101110001101000110111
00111110011000111101001001110010
00111110100101111101111010101111
00111110101011001100101101101110
00111110101011111011001010001110
00111110101000010111001010011111
00111110100001001001001000110010
00111110001110011100011101100111
00111101101111000011001110010010
10100101101000011101101010001001
10111101101011100010100101001000
10111110000111110001010011000001
10111110010100100000110011001111
10111110011011001001101001101110
10111110011011100001010011000110
10111110010110000110100100110101
10111110001011111011010100001100
10111101111100110101100001101110
10111101011100111000000111010110
00100110011010000110110010001110
00111101010110110111111011010000
00111101110001011010111110011101
00111110000000001001100011110000
00111110000011101001111100100001
00111110000011010010111101111110
00111101111111000100100001110100
00111101110010010010001011100011
00111101100010001001111110000111
00111101000001011111001011001110
10100110010111100110001110111011
10111100111001101110001110001001
10111101010010101101111111001110
10111101100000001000011101001010
10111101100010101000111000110100
10111101100001010000011111100100
10111101011001011111110101000100
10111101001100001110100110110101
10111100111001110010011011101001
10111100010110010010110011011111
10100101000000001111100010100111
00111100001010011010000001100010
00111100100011001011110010001110
00111100101001110011111111110110
00111100101001111011110101100100
00111100100101000101111101110000
00111100011010010111110011110100
00111100001000010000100010010011
00111011101110010000101011101111
00111011000101010001001110011010
00100100101010110011001111101111
10111010100110000100110101001011
10111010101110010111110011010010
10111010100011111010100100011011
10111010000101100010011111001110
10111001000111011110100000000000
